LEGM2.CC假人NPC/假人上线NPC	jiaren	16	8	假人上线点我	0	27	0	0	0	0	0
LEGM2.CC假人NPC/假人开始点我	jiaren	19	11	假人开始点我	0	27	0	0	0	0	0

;比奇城

新手接待员         0     292 613 边界老兵     0   1   0
新手接待员         0     646 626 银杏老兵     0   1   0
举证               0     290 613 官方举证制度 0   5   0
举证               0     651 623 官方举证制度 0   5   0
举证               0     334 264 官方举证制度 0   5   0
举证               3     345 338 官方举证制度 0   5   0
举证              ga0     67  69 官方举证制度 0   5   0

传送员/庄园               GA0    65  66  庄园老兵       0   1  0
传送员/盟重省传送员       3     327 327  盟重老兵       0   1  0
传送员/比奇省传送员       0     329 266  比奇老兵       0   1  0
传送员/苍月岛传送员       5     138 329  苍月老兵       0   1  0
传送员/封魔谷传送员       4     238 199  封魔老兵       0   1  0
传送员/白日门传送员       11    187 300  向导           0   15 0
传送员/出封魔             4     449 187  传送员	        0   1  0
传送员/进封魔             1      49 167  传送员	        0   1  0
传送员/出白日门           11     44 480  传送员	        0   1  0
传送员/进白日门           1      52  32  传送员	        0   1  0
传送员/来客               D701  101 157  白日门来客     0   20 0

比奇城/卫家店     0103  19  18      卫家店          0   1   0
比奇城/安家布衣   0106  19  6       安家布衣        0   7   0
比奇城/夏家       0     324 291     夏家店老板      0   5   0
比奇城/书店       0     325 250     书店老板        0   2   0
比奇城/麦家铺子   0125  6   9       麦家铺子        0   9   0
比奇城/杂货       0     378 298     杂货铺老板      0   3   0
比奇城/戒指店     0105  18  6       戒指店老板      0   4   0
比奇城/手镯店     0105  12  12      手镯店老板      0   5   0
比奇城/项链店     0105  6   18      项链店老板      0   6   0
比奇城/肉店       0     293 604     肉店老板        0   11  0
比奇城/肉店       0     650 592     肉店老板        0   11  0
比奇城/肉店       0     313 270     屠夫            0   4   0
比奇城/万能       0     288 609     边界杂货店      0   3   0
比奇城/万能       0     643 611     银杏杂货店      0   3   0
比奇城/不法       DM011   4   6     不法商贩        0   9   0
比奇城/不法       DM001   4   6     小李            0   9   0
比奇城/小药       0119    12  16    银杏药店        0   1   0
比奇城/小书       0132    10  11    书店            0   2   0
比奇城/蛇杂       2     505 479     杂货店          0   3   0
比奇城/蛇仓       2     515 467     仓库            0   9   0

封魔谷/恶魔杂货匠 4     255 224     封魔杂货匠      0   3   0
封魔谷/恶魔武器   4     227 223     封魔铁匠        0   0   0
封魔谷/恶魔布衣   B345  10  9       封魔服装        0   7   0
封魔谷/恶魔首饰   B344  11  10      封魔首饰        0   4   0
封魔谷/恶魔保管员 b347  9   10      封魔保管员      0   9   0
封魔谷/恶魔药剂师 b343  9   13      封魔药剂师      0   5   0
封魔谷/恶魔修理师 d2008 31  24      封魔修理师      0   15  0
封魔谷/月老       M101  29   32     月老            0   14  0

;盟重土城

盟重土城/肉店       3     355 330  肉店老板        0   11  0
盟重土城/流浪汉     3     346 334  流浪汉          0   3   0
盟重土城/仓库       0145  9   12   仓库保管员      0   9   0
盟重土城/悦来客栈   3     305 373  悦来客栈老板    0   9   0
盟重土城/张家布衣   0149  23  20   张家布衣老板    0   7   0
盟重土城/手套店     0149  11  18   手套店老板      0   4   0
盟重土城/头盔店     0149  8   5    头盔店老板      0   5   0
盟重土城/戒指店     0158  11  16   戒指店老板      0   5   0
盟重土城/手镯店     0158  16  11   手镯店老板      0   6   0
盟重土城/项链店     0158  4   21   项链店老板      0   4   0
盟重土城/药店       3     361 335  药店老板        0   1   0
盟重土城/罗家铺子   0160  5   8    罗家铺子老板    0   1   0
盟重土城/书店       0161  11  16   书店老板        0   2   0
盟重土城/铁匠铺     0159  5   9    铁匠铺老板      0   0   0
盟重土城/彩票       3     285 342  彩票员          0   3   0
盟重土城/石墓阵     D71650 23 27   武器店          0   0   0
盟重土城/石墓阵     D71651 23 27   服装店          0   7   0
盟重土城/石墓阵     D71652 23 27   首饰店          0   5   0
盟重土城/石墓阵     D71653 23 27     药店          0   1   0
盟重土城/祖玛阁     D5063  62 36   杂货店老板	   0   1   0
盟重土城/足球       3     318 332  玛法足球场	   0   21  0
盟重土城/裁判       G003   40 40   玛法世界杯	   0   48  0

;沙巴克
沙巴克铁匠        3     332 317 沙巴克铁匠      0   0   0
沙巴克/武器铺     0151  7   14  武器店老板      0   0   1
沙巴克/仓库       0152  7   12  仓库管理员      0   9   1
沙巴克/布衣店     0155  13  7   布衣店老板      0   7   1
沙巴克/手镯店     0154  14  7   手镯店老板      0   6   1
沙巴克/项链店     0154  3   18  项链店老板      0   6   1
沙巴克/戒指店     0154  10  15  戒指店老板      0   5   1
沙巴克/小贩       3     663 304 小贩            0   3   1
沙巴克/药店       0153  14  7   药店            0   1   1

;苍月岛

苍月岛/杂货店     5     137 311 杂货店老板      0   3   0
苍月岛/武器店     5     126 306 武器店老板      0   0   0
苍月岛/书店       5     149 302 书店老板        0   2   0
苍月岛/首饰店     5     155 339 首饰店老板      0   4   0
苍月岛/布料店     5     147 328 布料店老板      0   7   0
苍月岛/仓库       5     126 332 仓库保管员      0   9   0
苍月岛/药店       5     148 350 药店老板        0   1   0

;白日门 NPC

白日门/仓库     11      185      298    仓库保管员      0       18      0
白日门/武器	1001	14	12	武器店老板	0	15	0
白日门/服装	1003	13	16	服装店老板	0	23	0
白日门/书店	1004	9	11	书店老板	0	18	0
白日门/首饰	1005	9	11	首饰店老板	0	20	0
白日门/药店	1006	9	10	药店老板	0	22	0
白日门/杂货	1007	11	14	杂货店老板	0	17	0
白日门/万能	D1004	67	231	白日门勇士	0	15	0
白日门/万能	12	92	16	白日门勇士	0	15	0

;幻境

幻境-影之道/幻境_幻境小贩	H003	89	79	幻境小贩	0	3	0	0	0
幻境-影之道/幻境_仓库管理员	H003	80	87	仓库管理员	0	9	0	0	0
幻境-影之道/幻境_幻境小贩	H007	170	170	幻境商贩	0	3	0	0	0
幻境-影之道/幻境_仓库管理员	H007	160	180	仓房管理员	0	9	0	0	0
幻境-影之道/幻境_幻境向导	H003	83	83	幻境向导	0	15	0	0	0
幻境-影之道/影之道_幻境小贩	H203	21	17	幻境商人	0	3	0	0	0
幻境-影之道/影之道_仓库保管员	H203	18	20	仓库保管处	0	9	0	0	0
幻境-影之道/影传送       	H001	74	66	影之道传送	0	9	0	0	0

;功能

功能NPC/真爱	G002	49	49	红娘		0	12	0
功能NPC/属性	H106	100	93	禁地守护人	0	15	0
功能NPC/回收	3	342	324	装备回收\　	0	24	0
功能NPC/空白	3	342	324	　		0	45	0
功能NPC/铸造	B351	8	8	武器铸造师	0	17	0
功能NPC/老人	E603	31	191	老人		0	9	0
功能NPC/勋章	0146	5	11	荣誉勋章管理	0	15	0
功能NPC/监狱	0147	2	16	监狱看守	0	15	0
功能NPC/赤血	R001	54	114	除魔勇士	0	15	0
功能NPC/担保	DB	4	6	担保管理	0	15	0
功能NPC/比武	GA2	13	27	比武裁判	0	15	0
功能NPC/桃源	N109	38	43	世外桃源	0	15	0
功能NPC/会战	3	318	336	行会争霸	0	15	0
功能NPC/争霸	ZM6	20	23	行会争霸裁判	0	15	0

;赌博NPC

赌博NPC/赌庄	3	320	341	赌场		0	10	0
赌博NPC/赌场	B013	8	10	〖庄〗		0	12	0

;任务

任务NPC/任务	3	342	327	任务管理	0	31	0
任务NPC/迷宫	Q011	138	121	刘老头		0	9	0
任务NPC/商店	Q016	14	22	成男		0	12	0
任务NPC/铁匠	0120	8	7	铁匠		0	0	0
任务NPC/衣服	2	512	480	米氏		0	7	0
任务NPC/客栈	0148	11	11	林小姐		0	13	0
任务NPC/老人	1	235	305	老人		0	9	0
任务NPC/打铁	0	302	221	铁匠		0	0	0
任务NPC/武士	0114	13	9	高级武士	0	15	0
任务NPC/牢头	B346	11	15	监狱牢头	0	16	0

元宝充值 3 343 338  元宝充值使者 0 12 0
元宝充值 0 332 264  元宝充值使者 0 12 0

